2010	2011	2012	2013	2014	2015	2016	2017	2018	2019	2020	2021	2022
24824.22	26984.42	42458.68	51344.15	73110.65	48442.15	36280.44	40638.08	44416.44	58177.4	 NA 	 NA 	74360.47
113636.69	66390.96	53781.68	77600.01	41213.25	69736.12	47135.9	47761.62	35116.08	158788.31	 NA 	 NA 	7520.42
76699.56	106494.79	82232.91	93551.1	66363.44	77608.15	120783.78	123235.14	101983.71	161190.11	 NA 	 NA 	13796.59
58363.26	67412.92	93309.03	80154.88	122024.37	71971.46	84272.49	82879.17	42706.06	175158.07	 NA 	 NA 	64081.17
55075.88	68345.34	52341.87	103836.23	70707.58	102190.46	60408.62	95756.93	82628.16	67858.73	 NA 	 NA 	96393.93
45791.44	53552.78	72353.62	90282.41	62951.7	88973.22	85343.03	56344.29	90270.05	197695.69	 NA 	 NA 	95317.74
93245.63	97992.08	75794.23	107407.8	88531.89	126161.09	104188.24	108209.07	144373.15	173445.26	 NA 	 NA 	75157.39
30676.77	45322.31	56448.95	28987.54	17965.16	29719.12	54518.07	70151	51229	112683.19	 NA 	 NA 	181937.79
28964.63	70414.57	38532	62319.98	65129.91	61968.37	49261.26	51154.13	45727.94	100564.27	 NA 	 NA 	47886.08
120350.32	79200.95	80283.78	60465.99	103296.83	62135.96	87201.65	100496.46	95569.23	195575.13	 NA 	 NA 	102086.04
69666.89	87291.55	106699.18	131961.66	84612.36	103262.19	106530.75	110525.61	101195.7	177196.48	 NA 	 NA 	209368.69
69822.57	99075.47	65441	69326.25	102657.46	141181.6	89290.07	98277.54	117989.08	206570.26	 NA 	 NA 	220667.04
